   1.11919999       116.000000     007
  0.802100003       112.000000     038
   1.18390000       93.0000000     088
  0.871800005       96.0000000     107
  0.965900004       107.000000     110
  0.758099973       129.000000     132
   1.17579997       112.000000     135
   1.06540000       126.000000     144
   1.11769998       122.000000     226
   1.17149997       96.0000000     307
   1.11039996       130.000000     309
  0.998000026       134.000000     317
   1.11919999       109.000000     007
  0.802100003       109.000000     038
   1.18390000       102.000000     088
  0.871800005       94.0000000     107
  0.965900004       123.000000     110
  0.758099973       125.000000     132
   1.17579997       123.000000     135
   1.06540000       101.000000     144
   1.11769998       118.000000     226
   1.17149997       100.000000     307
   1.11039996       115.000000     309
  0.998000026       115.000000     317
   1.11919999       115.000000     007
  0.802100003       112.000000     038
   1.18390000       97.0000000     088
  0.871800005       94.0000000     107
  0.965900004       117.000000     110
  0.758099973       131.000000     132
   1.17579997       120.000000     135
   1.06540000       117.000000     144
   1.11769998       123.000000     226
   1.17149997       98.0000000     307
   1.11039996       126.000000     309
  0.998000026       129.000000     317
   1.11919999       108.000000     007
  0.802100003       113.000000     038
   1.18390000       96.0000000     088
  0.871800005       96.0000000     107
  0.965900004       121.000000     110
  0.758099973       120.000000     132
   1.17579997       117.000000     135
   1.06540000       117.000000     144
   1.11769998       123.000000     226
   1.17149997       96.0000000     307
   1.11039996       125.000000     309
  0.998000026       125.000000     317
   1.11919999       50.0000000     007
  0.802100003       54.0000000     038
   1.18390000       55.0000000     088
  0.871800005       63.0000000     107
  0.965900004       60.0000000     110
  0.758099973       62.0000000     132
   1.17579997       63.0000000     135
   1.06540000       47.0000000     144
   1.11769998       55.0000000     226
   1.17149997       44.0000000     307
   1.11039996       60.0000000     309
  0.998000026       72.0000000     317
   1.11919999       44.0000000     007
  0.802100003       59.0000000     038
   1.18390000       32.0000000     088
  0.871800005       55.0000000     107
  0.965900004       55.0000000     110
  0.758099973       58.0000000     132
   1.17579997       55.0000000     135
   1.06540000       38.0000000     144
   1.11769998       52.0000000     226
   1.17149997       41.0000000     307
   1.11039996       52.0000000     309
  0.998000026       66.0000000     317
   1.11919999       42.0000000     007
  0.802100003       56.0000000     038
   1.18390000       48.0000000     088
  0.871800005       62.0000000     107
  0.965900004       58.0000000     110
  0.758099973       60.0000000     132
   1.17579997       63.0000000     135
   1.06540000       46.0000000     144
   1.11769998       60.0000000     226
   1.17149997       42.0000000     307
   1.11039996       63.0000000     309
  0.998000026       63.0000000     317
   1.11919999       44.0000000     007
  0.802100003       58.0000000     038
   1.18390000       62.0000000     088
  0.871800005       63.0000000     107
  0.965900004       59.0000000     110
  0.758099973       67.0000000     132
   1.17579997       55.0000000     135
   1.06540000       47.0000000     144
   1.11769998       50.0000000     226
   1.17149997       40.0000000     307
   1.11039996       59.0000000     309
  0.998000026       74.0000000     317
   1.11919999       64.0000000     007
  0.802100003       61.0000000     038
   1.18390000       66.0000000     088
  0.871800005       66.0000000     107
  0.965900004       57.0000000     110
  0.758099973       56.0000000     132
   1.17579997       71.0000000     135
   1.06540000       52.0000000     144
   1.11769998       56.0000000     226
   1.17149997       54.0000000     307
   1.11039996       59.0000000     309
  0.998000026       59.0000000     317
   1.11919999       58.0000000     007
  0.802100003       53.0000000     038
   1.18390000       53.0000000     088
  0.871800005       58.0000000     107
  0.965900004       67.0000000     110
  0.758099973       60.0000000     132
   1.17579997       68.0000000     135
   1.06540000       50.0000000     144
   1.11769998       60.0000000     226
   1.17149997       45.0000000     307
   1.11039996       60.0000000     309
  0.998000026       87.0000000     317
   1.11919999       48.0000000     007
  0.802100003       55.0000000     038
   1.18390000       56.0000000     088
  0.871800005       63.0000000     107
  0.965900004       59.0000000     110
  0.758099973       62.0000000     132
   1.17579997       62.0000000     135
   1.06540000       46.0000000     144
   1.11769998       54.0000000     226
   1.17149997       43.0000000     307
   1.11039996       60.0000000     309
  0.998000026       68.0000000     317
   1.11919999       0.00000000     007
  0.802100003       0.00000000     038
   1.18390000       0.00000000     088
  0.871800005       0.00000000     107
  0.965900004       0.00000000     110
  0.758099973       0.00000000     132
   1.17579997       0.00000000     135
   1.06540000       0.00000000     144
   1.11769998       0.00000000     226
   1.17149997       0.00000000     307
   1.11039996       0.00000000     309
  0.998000026       0.00000000     317
   1.11919999       0.00000000     007
  0.802100003       0.00000000     038
   1.18390000       0.00000000     088
  0.871800005       0.00000000     107
  0.965900004       0.00000000     110
  0.758099973       0.00000000     132
   1.17579997       0.00000000     135
   1.06540000       0.00000000     144
   1.11769998       0.00000000     226
   1.17149997       0.00000000     307
   1.11039996       0.00000000     309
  0.998000026       0.00000000     317
   1.11919999       0.00000000     007
  0.802100003       0.00000000     038
   1.18390000       0.00000000     088
  0.871800005       0.00000000     107
  0.965900004       0.00000000     110
  0.758099973       0.00000000     132
   1.17579997       0.00000000     135
   1.06540000       0.00000000     144
   1.11769998       0.00000000     226
   1.17149997       0.00000000     307
   1.11039996       0.00000000     309
  0.998000026       0.00000000     317
   8.22799969       116.000000     007
   7.28270006       112.000000     038
   6.98950005       93.0000000     088
   7.25530005       96.0000000     107
   7.33769989       107.000000     110
   7.81190014       129.000000     132
   7.21969986       112.000000     135
   8.35929966       126.000000     144
   6.96700001       122.000000     226
   8.18010044       96.0000000     307
   8.45419979       130.000000     309
   7.06300020       134.000000     317
   8.22799969       109.000000     007
   7.28270006       109.000000     038
   6.98950005       102.000000     088
   7.25530005       94.0000000     107
   7.33769989       123.000000     110
   7.81190014       125.000000     132
   7.21969986       123.000000     135
   8.35929966       101.000000     144
   6.96700001       118.000000     226
   8.18010044       100.000000     307
   8.45419979       115.000000     309
   7.06300020       115.000000     317
   8.22799969       115.000000     007
   7.28270006       112.000000     038
   6.98950005       97.0000000     088
   7.25530005       94.0000000     107
   7.33769989       117.000000     110
   7.81190014       131.000000     132
   7.21969986       120.000000     135
   8.35929966       117.000000     144
   6.96700001       123.000000     226
   8.18010044       98.0000000     307
   8.45419979       126.000000     309
   7.06300020       129.000000     317
   8.22799969       108.000000     007
   7.28270006       113.000000     038
   6.98950005       96.0000000     088
   7.25530005       96.0000000     107
   7.33769989       121.000000     110
   7.81190014       120.000000     132
   7.21969986       117.000000     135
   8.35929966       117.000000     144
   6.96700001       123.000000     226
   8.18010044       96.0000000     307
   8.45419979       125.000000     309
   7.06300020       125.000000     317
   8.22799969       50.0000000     007
   7.28270006       54.0000000     038
   6.98950005       55.0000000     088
   7.25530005       63.0000000     107
   7.33769989       60.0000000     110
   7.81190014       62.0000000     132
   7.21969986       63.0000000     135
   8.35929966       47.0000000     144
   6.96700001       55.0000000     226
   8.18010044       44.0000000     307
   8.45419979       60.0000000     309
   7.06300020       72.0000000     317
   8.22799969       44.0000000     007
   7.28270006       59.0000000     038
   6.98950005       32.0000000     088
   7.25530005       55.0000000     107
   7.33769989       55.0000000     110
   7.81190014       58.0000000     132
   7.21969986       55.0000000     135
   8.35929966       38.0000000     144
   6.96700001       52.0000000     226
   8.18010044       41.0000000     307
   8.45419979       52.0000000     309
   7.06300020       66.0000000     317
   8.22799969       42.0000000     007
   7.28270006       56.0000000     038
   6.98950005       48.0000000     088
   7.25530005       62.0000000     107
   7.33769989       58.0000000     110
   7.81190014       60.0000000     132
   7.21969986       63.0000000     135
   8.35929966       46.0000000     144
   6.96700001       60.0000000     226
   8.18010044       42.0000000     307
   8.45419979       63.0000000     309
   7.06300020       63.0000000     317
   8.22799969       44.0000000     007
   7.28270006       58.0000000     038
   6.98950005       62.0000000     088
   7.25530005       63.0000000     107
   7.33769989       59.0000000     110
   7.81190014       67.0000000     132
   7.21969986       55.0000000     135
   8.35929966       47.0000000     144
   6.96700001       50.0000000     226
   8.18010044       40.0000000     307
   8.45419979       59.0000000     309
   7.06300020       74.0000000     317
   8.22799969       64.0000000     007
   7.28270006       61.0000000     038
   6.98950005       66.0000000     088
   7.25530005       66.0000000     107
   7.33769989       57.0000000     110
   7.81190014       56.0000000     132
   7.21969986       71.0000000     135
   8.35929966       52.0000000     144
   6.96700001       56.0000000     226
   8.18010044       54.0000000     307
   8.45419979       59.0000000     309
   7.06300020       59.0000000     317
   8.22799969       58.0000000     007
   7.28270006       53.0000000     038
   6.98950005       53.0000000     088
   7.25530005       58.0000000     107
   7.33769989       67.0000000     110
   7.81190014       60.0000000     132
   7.21969986       68.0000000     135
   8.35929966       50.0000000     144
   6.96700001       60.0000000     226
   8.18010044       45.0000000     307
   8.45419979       60.0000000     309
   7.06300020       87.0000000     317
   8.22799969       48.0000000     007
   7.28270006       55.0000000     038
   6.98950005       56.0000000     088
   7.25530005       63.0000000     107
   7.33769989       59.0000000     110
   7.81190014       62.0000000     132
   7.21969986       62.0000000     135
   8.35929966       46.0000000     144
   6.96700001       54.0000000     226
   8.18010044       43.0000000     307
   8.45419979       60.0000000     309
   7.06300020       68.0000000     317
   8.22799969       0.00000000     007
   7.28270006       0.00000000     038
   6.98950005       0.00000000     088
   7.25530005       0.00000000     107
   7.33769989       0.00000000     110
   7.81190014       0.00000000     132
   7.21969986       0.00000000     135
   8.35929966       0.00000000     144
   6.96700001       0.00000000     226
   8.18010044       0.00000000     307
   8.45419979       0.00000000     309
   7.06300020       0.00000000     317
   8.22799969       0.00000000     007
   7.28270006       0.00000000     038
   6.98950005       0.00000000     088
   7.25530005       0.00000000     107
   7.33769989       0.00000000     110
   7.81190014       0.00000000     132
   7.21969986       0.00000000     135
   8.35929966       0.00000000     144
   6.96700001       0.00000000     226
   8.18010044       0.00000000     307
   8.45419979       0.00000000     309
   7.06300020       0.00000000     317
   8.22799969       0.00000000     007
   7.28270006       0.00000000     038
   6.98950005       0.00000000     088
   7.25530005       0.00000000     107
   7.33769989       0.00000000     110
   7.81190014       0.00000000     132
   7.21969986       0.00000000     135
   8.35929966       0.00000000     144
   6.96700001       0.00000000     226
   8.18010044       0.00000000     307
   8.45419979       0.00000000     309
   7.06300020       0.00000000     317
   1.58860004       116.000000     007
   1.32239997       112.000000     038
   1.49600005       93.0000000     088
   1.58720005       96.0000000     107
   1.44210005       107.000000     110
   1.62059999       129.000000     132
   1.49609995       112.000000     135
   1.39520001       126.000000     144
   1.44079995       122.000000     226
   1.63929999       96.0000000     307
   1.53439999       130.000000     309
   1.84140003       134.000000     317
   1.58860004       109.000000     007
   1.32239997       109.000000     038
   1.49600005       102.000000     088
   1.58720005       94.0000000     107
   1.44210005       123.000000     110
   1.62059999       125.000000     132
   1.49609995       123.000000     135
   1.39520001       101.000000     144
   1.44079995       118.000000     226
   1.63929999       100.000000     307
   1.53439999       115.000000     309
   1.84140003       115.000000     317
   1.58860004       115.000000     007
   1.32239997       112.000000     038
   1.49600005       97.0000000     088
   1.58720005       94.0000000     107
   1.44210005       117.000000     110
   1.62059999       131.000000     132
   1.49609995       120.000000     135
   1.39520001       117.000000     144
   1.44079995       123.000000     226
   1.63929999       98.0000000     307
   1.53439999       126.000000     309
   1.84140003       129.000000     317
   1.58860004       108.000000     007
   1.32239997       113.000000     038
   1.49600005       96.0000000     088
   1.58720005       96.0000000     107
   1.44210005       121.000000     110
   1.62059999       120.000000     132
   1.49609995       117.000000     135
   1.39520001       117.000000     144
   1.44079995       123.000000     226
   1.63929999       96.0000000     307
   1.53439999       125.000000     309
   1.84140003       125.000000     317
   1.58860004       50.0000000     007
   1.32239997       54.0000000     038
   1.49600005       55.0000000     088
   1.58720005       63.0000000     107
   1.44210005       60.0000000     110
   1.62059999       62.0000000     132
   1.49609995       63.0000000     135
   1.39520001       47.0000000     144
   1.44079995       55.0000000     226
   1.63929999       44.0000000     307
   1.53439999       60.0000000     309
   1.84140003       72.0000000     317
   1.58860004       44.0000000     007
   1.32239997       59.0000000     038
   1.49600005       32.0000000     088
   1.58720005       55.0000000     107
   1.44210005       55.0000000     110
   1.62059999       58.0000000     132
   1.49609995       55.0000000     135
   1.39520001       38.0000000     144
   1.44079995       52.0000000     226
   1.63929999       41.0000000     307
   1.53439999       52.0000000     309
   1.84140003       66.0000000     317
   1.58860004       42.0000000     007
   1.32239997       56.0000000     038
   1.49600005       48.0000000     088
   1.58720005       62.0000000     107
   1.44210005       58.0000000     110
   1.62059999       60.0000000     132
   1.49609995       63.0000000     135
   1.39520001       46.0000000     144
   1.44079995       60.0000000     226
   1.63929999       42.0000000     307
   1.53439999       63.0000000     309
   1.84140003       63.0000000     317
   1.58860004       44.0000000     007
   1.32239997       58.0000000     038
   1.49600005       62.0000000     088
   1.58720005       63.0000000     107
   1.44210005       59.0000000     110
   1.62059999       67.0000000     132
   1.49609995       55.0000000     135
   1.39520001       47.0000000     144
   1.44079995       50.0000000     226
   1.63929999       40.0000000     307
   1.53439999       59.0000000     309
   1.84140003       74.0000000     317
   1.58860004       64.0000000     007
   1.32239997       61.0000000     038
   1.49600005       66.0000000     088
   1.58720005       66.0000000     107
   1.44210005       57.0000000     110
   1.62059999       56.0000000     132
   1.49609995       71.0000000     135
   1.39520001       52.0000000     144
   1.44079995       56.0000000     226
   1.63929999       54.0000000     307
   1.53439999       59.0000000     309
   1.84140003       59.0000000     317
   1.58860004       58.0000000     007
   1.32239997       53.0000000     038
   1.49600005       53.0000000     088
   1.58720005       58.0000000     107
   1.44210005       67.0000000     110
   1.62059999       60.0000000     132
   1.49609995       68.0000000     135
   1.39520001       50.0000000     144
   1.44079995       60.0000000     226
   1.63929999       45.0000000     307
   1.53439999       60.0000000     309
   1.84140003       87.0000000     317
   1.58860004       48.0000000     007
   1.32239997       55.0000000     038
   1.49600005       56.0000000     088
   1.58720005       63.0000000     107
   1.44210005       59.0000000     110
   1.62059999       62.0000000     132
   1.49609995       62.0000000     135
   1.39520001       46.0000000     144
   1.44079995       54.0000000     226
   1.63929999       43.0000000     307
   1.53439999       60.0000000     309
   1.84140003       68.0000000     317
   1.58860004       0.00000000     007
   1.32239997       0.00000000     038
   1.49600005       0.00000000     088
   1.58720005       0.00000000     107
   1.44210005       0.00000000     110
   1.62059999       0.00000000     132
   1.49609995       0.00000000     135
   1.39520001       0.00000000     144
   1.44079995       0.00000000     226
   1.63929999       0.00000000     307
   1.53439999       0.00000000     309
   1.84140003       0.00000000     317
   1.58860004       0.00000000     007
   1.32239997       0.00000000     038
   1.49600005       0.00000000     088
   1.58720005       0.00000000     107
   1.44210005       0.00000000     110
   1.62059999       0.00000000     132
   1.49609995       0.00000000     135
   1.39520001       0.00000000     144
   1.44079995       0.00000000     226
   1.63929999       0.00000000     307
   1.53439999       0.00000000     309
   1.84140003       0.00000000     317
   1.58860004       0.00000000     007
   1.32239997       0.00000000     038
   1.49600005       0.00000000     088
   1.58720005       0.00000000     107
   1.44210005       0.00000000     110
   1.62059999       0.00000000     132
   1.49609995       0.00000000     135
   1.39520001       0.00000000     144
   1.44079995       0.00000000     226
   1.63929999       0.00000000     307
   1.53439999       0.00000000     309
   1.84140003       0.00000000     317
   5.53140020       116.000000     007
   5.77099991       112.000000     038
   5.71059990       93.0000000     088
   5.97480011       96.0000000     107
   6.29260015       107.000000     110
   5.52699995       129.000000     132
   5.68660021       112.000000     135
   5.73600006       126.000000     144
   5.37459993       122.000000     226
   6.21210003       96.0000000     307
   5.77209997       130.000000     309
   6.32819986       134.000000     317
   5.53140020       109.000000     007
   5.77099991       109.000000     038
   5.71059990       102.000000     088
   5.97480011       94.0000000     107
   6.29260015       123.000000     110
   5.52699995       125.000000     132
   5.68660021       123.000000     135
   5.73600006       101.000000     144
   5.37459993       118.000000     226
   6.21210003       100.000000     307
   5.77209997       115.000000     309
   6.32819986       115.000000     317
   5.53140020       115.000000     007
   5.77099991       112.000000     038
   5.71059990       97.0000000     088
   5.97480011       94.0000000     107
   6.29260015       117.000000     110
   5.52699995       131.000000     132
   5.68660021       120.000000     135
   5.73600006       117.000000     144
   5.37459993       123.000000     226
   6.21210003       98.0000000     307
   5.77209997       126.000000     309
   6.32819986       129.000000     317
   5.53140020       108.000000     007
   5.77099991       113.000000     038
   5.71059990       96.0000000     088
   5.97480011       96.0000000     107
   6.29260015       121.000000     110
   5.52699995       120.000000     132
   5.68660021       117.000000     135
   5.73600006       117.000000     144
   5.37459993       123.000000     226
   6.21210003       96.0000000     307
   5.77209997       125.000000     309
   6.32819986       125.000000     317
   5.53140020       50.0000000     007
   5.77099991       54.0000000     038
   5.71059990       55.0000000     088
   5.97480011       63.0000000     107
   6.29260015       60.0000000     110
   5.52699995       62.0000000     132
   5.68660021       63.0000000     135
   5.73600006       47.0000000     144
   5.37459993       55.0000000     226
   6.21210003       44.0000000     307
   5.77209997       60.0000000     309
   6.32819986       72.0000000     317
   5.53140020       44.0000000     007
   5.77099991       59.0000000     038
   5.71059990       32.0000000     088
   5.97480011       55.0000000     107
   6.29260015       55.0000000     110
   5.52699995       58.0000000     132
   5.68660021       55.0000000     135
   5.73600006       38.0000000     144
   5.37459993       52.0000000     226
   6.21210003       41.0000000     307
   5.77209997       52.0000000     309
   6.32819986       66.0000000     317
   5.53140020       42.0000000     007
   5.77099991       56.0000000     038
   5.71059990       48.0000000     088
   5.97480011       62.0000000     107
   6.29260015       58.0000000     110
   5.52699995       60.0000000     132
   5.68660021       63.0000000     135
   5.73600006       46.0000000     144
   5.37459993       60.0000000     226
   6.21210003       42.0000000     307
   5.77209997       63.0000000     309
   6.32819986       63.0000000     317
   5.53140020       44.0000000     007
   5.77099991       58.0000000     038
   5.71059990       62.0000000     088
   5.97480011       63.0000000     107
   6.29260015       59.0000000     110
   5.52699995       67.0000000     132
   5.68660021       55.0000000     135
   5.73600006       47.0000000     144
   5.37459993       50.0000000     226
   6.21210003       40.0000000     307
   5.77209997       59.0000000     309
   6.32819986       74.0000000     317
   5.53140020       64.0000000     007
   5.77099991       61.0000000     038
   5.71059990       66.0000000     088
   5.97480011       66.0000000     107
   6.29260015       57.0000000     110
   5.52699995       56.0000000     132
   5.68660021       71.0000000     135
   5.73600006       52.0000000     144
   5.37459993       56.0000000     226
   6.21210003       54.0000000     307
   5.77209997       59.0000000     309
   6.32819986       59.0000000     317
   5.53140020       58.0000000     007
   5.77099991       53.0000000     038
   5.71059990       53.0000000     088
   5.97480011       58.0000000     107
   6.29260015       67.0000000     110
   5.52699995       60.0000000     132
   5.68660021       68.0000000     135
   5.73600006       50.0000000     144
   5.37459993       60.0000000     226
   6.21210003       45.0000000     307
   5.77209997       60.0000000     309
   6.32819986       87.0000000     317
   5.53140020       48.0000000     007
   5.77099991       55.0000000     038
   5.71059990       56.0000000     088
   5.97480011       63.0000000     107
   6.29260015       59.0000000     110
   5.52699995       62.0000000     132
   5.68660021       62.0000000     135
   5.73600006       46.0000000     144
   5.37459993       54.0000000     226
   6.21210003       43.0000000     307
   5.77209997       60.0000000     309
   6.32819986       68.0000000     317
   5.53140020       0.00000000     007
   5.77099991       0.00000000     038
   5.71059990       0.00000000     088
   5.97480011       0.00000000     107
   6.29260015       0.00000000     110
   5.52699995       0.00000000     132
   5.68660021       0.00000000     135
   5.73600006       0.00000000     144
   5.37459993       0.00000000     226
   6.21210003       0.00000000     307
   5.77209997       0.00000000     309
   6.32819986       0.00000000     317
   5.53140020       0.00000000     007
   5.77099991       0.00000000     038
   5.71059990       0.00000000     088
   5.97480011       0.00000000     107
   6.29260015       0.00000000     110
   5.52699995       0.00000000     132
   5.68660021       0.00000000     135
   5.73600006       0.00000000     144
   5.37459993       0.00000000     226
   6.21210003       0.00000000     307
   5.77209997       0.00000000     309
   6.32819986       0.00000000     317
   5.53140020       0.00000000     007
   5.77099991       0.00000000     038
   5.71059990       0.00000000     088
   5.97480011       0.00000000     107
   6.29260015       0.00000000     110
   5.52699995       0.00000000     132
   5.68660021       0.00000000     135
   5.73600006       0.00000000     144
   5.37459993       0.00000000     226
   6.21210003       0.00000000     307
   5.77209997       0.00000000     309
   6.32819986       0.00000000     317
   2.83899999       116.000000     007
   3.43260002       112.000000     038
   2.49720001       93.0000000     088
   3.53719997       96.0000000     107
   3.86579990       107.000000     110
   3.13039994       129.000000     132
   3.33189988       112.000000     135
   3.29660010       126.000000     144
   3.74060011       122.000000     226
   2.97259998       96.0000000     307
   3.55979991       130.000000     309
   4.50649977       134.000000     317
   2.83899999       109.000000     007
   3.43260002       109.000000     038
   2.49720001       102.000000     088
   3.53719997       94.0000000     107
   3.86579990       123.000000     110
   3.13039994       125.000000     132
   3.33189988       123.000000     135
   3.29660010       101.000000     144
   3.74060011       118.000000     226
   2.97259998       100.000000     307
   3.55979991       115.000000     309
   4.50649977       115.000000     317
   2.83899999       115.000000     007
   3.43260002       112.000000     038
   2.49720001       97.0000000     088
   3.53719997       94.0000000     107
   3.86579990       117.000000     110
   3.13039994       131.000000     132
   3.33189988       120.000000     135
   3.29660010       117.000000     144
   3.74060011       123.000000     226
   2.97259998       98.0000000     307
   3.55979991       126.000000     309
   4.50649977       129.000000     317
   2.83899999       108.000000     007
   3.43260002       113.000000     038
   2.49720001       96.0000000     088
   3.53719997       96.0000000     107
   3.86579990       121.000000     110
   3.13039994       120.000000     132
   3.33189988       117.000000     135
   3.29660010       117.000000     144
   3.74060011       123.000000     226
   2.97259998       96.0000000     307
   3.55979991       125.000000     309
   4.50649977       125.000000     317
   2.83899999       50.0000000     007
   3.43260002       54.0000000     038
   2.49720001       55.0000000     088
   3.53719997       63.0000000     107
   3.86579990       60.0000000     110
   3.13039994       62.0000000     132
   3.33189988       63.0000000     135
   3.29660010       47.0000000     144
   3.74060011       55.0000000     226
   2.97259998       44.0000000     307
   3.55979991       60.0000000     309
   4.50649977       72.0000000     317
   2.83899999       44.0000000     007
   3.43260002       59.0000000     038
   2.49720001       32.0000000     088
   3.53719997       55.0000000     107
   3.86579990       55.0000000     110
   3.13039994       58.0000000     132
   3.33189988       55.0000000     135
   3.29660010       38.0000000     144
   3.74060011       52.0000000     226
   2.97259998       41.0000000     307
   3.55979991       52.0000000     309
   4.50649977       66.0000000     317
   2.83899999       42.0000000     007
   3.43260002       56.0000000     038
   2.49720001       48.0000000     088
   3.53719997       62.0000000     107
   3.86579990       58.0000000     110
   3.13039994       60.0000000     132
   3.33189988       63.0000000     135
   3.29660010       46.0000000     144
   3.74060011       60.0000000     226
   2.97259998       42.0000000     307
   3.55979991       63.0000000     309
   4.50649977       63.0000000     317
   2.83899999       44.0000000     007
   3.43260002       58.0000000     038
   2.49720001       62.0000000     088
   3.53719997       63.0000000     107
   3.86579990       59.0000000     110
   3.13039994       67.0000000     132
   3.33189988       55.0000000     135
   3.29660010       47.0000000     144
   3.74060011       50.0000000     226
   2.97259998       40.0000000     307
   3.55979991       59.0000000     309
   4.50649977       74.0000000     317
   2.83899999       64.0000000     007
   3.43260002       61.0000000     038
   2.49720001       66.0000000     088
   3.53719997       66.0000000     107
   3.86579990       57.0000000     110
   3.13039994       56.0000000     132
   3.33189988       71.0000000     135
   3.29660010       52.0000000     144
   3.74060011       56.0000000     226
   2.97259998       54.0000000     307
   3.55979991       59.0000000     309
   4.50649977       59.0000000     317
   2.83899999       58.0000000     007
   3.43260002       53.0000000     038
   2.49720001       53.0000000     088
   3.53719997       58.0000000     107
   3.86579990       67.0000000     110
   3.13039994       60.0000000     132
   3.33189988       68.0000000     135
   3.29660010       50.0000000     144
   3.74060011       60.0000000     226
   2.97259998       45.0000000     307
   3.55979991       60.0000000     309
   4.50649977       87.0000000     317
   2.83899999       48.0000000     007
   3.43260002       55.0000000     038
   2.49720001       56.0000000     088
   3.53719997       63.0000000     107
   3.86579990       59.0000000     110
   3.13039994       62.0000000     132
   3.33189988       62.0000000     135
   3.29660010       46.0000000     144
   3.74060011       54.0000000     226
   2.97259998       43.0000000     307
   3.55979991       60.0000000     309
   4.50649977       68.0000000     317
   2.83899999       0.00000000     007
   3.43260002       0.00000000     038
   2.49720001       0.00000000     088
   3.53719997       0.00000000     107
   3.86579990       0.00000000     110
   3.13039994       0.00000000     132
   3.33189988       0.00000000     135
   3.29660010       0.00000000     144
   3.74060011       0.00000000     226
   2.97259998       0.00000000     307
   3.55979991       0.00000000     309
   4.50649977       0.00000000     317
   2.83899999       0.00000000     007
   3.43260002       0.00000000     038
   2.49720001       0.00000000     088
   3.53719997       0.00000000     107
   3.86579990       0.00000000     110
   3.13039994       0.00000000     132
   3.33189988       0.00000000     135
   3.29660010       0.00000000     144
   3.74060011       0.00000000     226
   2.97259998       0.00000000     307
   3.55979991       0.00000000     309
   4.50649977       0.00000000     317
   2.83899999       0.00000000     007
   3.43260002       0.00000000     038
   2.49720001       0.00000000     088
   3.53719997       0.00000000     107
   3.86579990       0.00000000     110
   3.13039994       0.00000000     132
   3.33189988       0.00000000     135
   3.29660010       0.00000000     144
   3.74060011       0.00000000     226
   2.97259998       0.00000000     307
   3.55979991       0.00000000     309
   4.50649977       0.00000000     317
   7.54850006       116.000000     007
   7.60760021       112.000000     038
   7.24840021       93.0000000     088
   8.71380043       96.0000000     107
   7.75029993       107.000000     110
   7.79500008       129.000000     132
   8.57159996       112.000000     135
   7.97139978       126.000000     144
   7.84159994       122.000000     226
   8.96210003       96.0000000     307
   8.57320023       130.000000     309
   7.84170008       134.000000     317
   7.54850006       109.000000     007
   7.60760021       109.000000     038
   7.24840021       102.000000     088
   8.71380043       94.0000000     107
   7.75029993       123.000000     110
   7.79500008       125.000000     132
   8.57159996       123.000000     135
   7.97139978       101.000000     144
   7.84159994       118.000000     226
   8.96210003       100.000000     307
   8.57320023       115.000000     309
   7.84170008       115.000000     317
   7.54850006       115.000000     007
   7.60760021       112.000000     038
   7.24840021       97.0000000     088
   8.71380043       94.0000000     107
   7.75029993       117.000000     110
   7.79500008       131.000000     132
   8.57159996       120.000000     135
   7.97139978       117.000000     144
   7.84159994       123.000000     226
   8.96210003       98.0000000     307
   8.57320023       126.000000     309
   7.84170008       129.000000     317
   7.54850006       108.000000     007
   7.60760021       113.000000     038
   7.24840021       96.0000000     088
   8.71380043       96.0000000     107
   7.75029993       121.000000     110
   7.79500008       120.000000     132
   8.57159996       117.000000     135
   7.97139978       117.000000     144
   7.84159994       123.000000     226
   8.96210003       96.0000000     307
   8.57320023       125.000000     309
   7.84170008       125.000000     317
   7.54850006       50.0000000     007
   7.60760021       54.0000000     038
   7.24840021       55.0000000     088
   8.71380043       63.0000000     107
   7.75029993       60.0000000     110
   7.79500008       62.0000000     132
   8.57159996       63.0000000     135
   7.97139978       47.0000000     144
   7.84159994       55.0000000     226
   8.96210003       44.0000000     307
   8.57320023       60.0000000     309
   7.84170008       72.0000000     317
   7.54850006       44.0000000     007
   7.60760021       59.0000000     038
   7.24840021       32.0000000     088
   8.71380043       55.0000000     107
   7.75029993       55.0000000     110
   7.79500008       58.0000000     132
   8.57159996       55.0000000     135
   7.97139978       38.0000000     144
   7.84159994       52.0000000     226
   8.96210003       41.0000000     307
   8.57320023       52.0000000     309
   7.84170008       66.0000000     317
   7.54850006       42.0000000     007
   7.60760021       56.0000000     038
   7.24840021       48.0000000     088
   8.71380043       62.0000000     107
   7.75029993       58.0000000     110
   7.79500008       60.0000000     132
   8.57159996       63.0000000     135
   7.97139978       46.0000000     144
   7.84159994       60.0000000     226
   8.96210003       42.0000000     307
   8.57320023       63.0000000     309
   7.84170008       63.0000000     317
   7.54850006       44.0000000     007
   7.60760021       58.0000000     038
   7.24840021       62.0000000     088
   8.71380043       63.0000000     107
   7.75029993       59.0000000     110
   7.79500008       67.0000000     132
   8.57159996       55.0000000     135
   7.97139978       47.0000000     144
   7.84159994       50.0000000     226
   8.96210003       40.0000000     307
   8.57320023       59.0000000     309
   7.84170008       74.0000000     317
   7.54850006       64.0000000     007
   7.60760021       61.0000000     038
   7.24840021       66.0000000     088
   8.71380043       66.0000000     107
   7.75029993       57.0000000     110
   7.79500008       56.0000000     132
   8.57159996       71.0000000     135
   7.97139978       52.0000000     144
   7.84159994       56.0000000     226
   8.96210003       54.0000000     307
   8.57320023       59.0000000     309
   7.84170008       59.0000000     317
   7.54850006       58.0000000     007
   7.60760021       53.0000000     038
   7.24840021       53.0000000     088
   8.71380043       58.0000000     107
   7.75029993       67.0000000     110
   7.79500008       60.0000000     132
   8.57159996       68.0000000     135
   7.97139978       50.0000000     144
   7.84159994       60.0000000     226
   8.96210003       45.0000000     307
   8.57320023       60.0000000     309
   7.84170008       87.0000000     317
   7.54850006       48.0000000     007
   7.60760021       55.0000000     038
   7.24840021       56.0000000     088
   8.71380043       63.0000000     107
   7.75029993       59.0000000     110
   7.79500008       62.0000000     132
   8.57159996       62.0000000     135
   7.97139978       46.0000000     144
   7.84159994       54.0000000     226
   8.96210003       43.0000000     307
   8.57320023       60.0000000     309
   7.84170008       68.0000000     317
   7.54850006       0.00000000     007
   7.60760021       0.00000000     038
   7.24840021       0.00000000     088
   8.71380043       0.00000000     107
   7.75029993       0.00000000     110
   7.79500008       0.00000000     132
   8.57159996       0.00000000     135
   7.97139978       0.00000000     144
   7.84159994       0.00000000     226
   8.96210003       0.00000000     307
   8.57320023       0.00000000     309
   7.84170008       0.00000000     317
   7.54850006       0.00000000     007
   7.60760021       0.00000000     038
   7.24840021       0.00000000     088
   8.71380043       0.00000000     107
   7.75029993       0.00000000     110
   7.79500008       0.00000000     132
   8.57159996       0.00000000     135
   7.97139978       0.00000000     144
   7.84159994       0.00000000     226
   8.96210003       0.00000000     307
   8.57320023       0.00000000     309
   7.84170008       0.00000000     317
   7.54850006       0.00000000     007
   7.60760021       0.00000000     038
   7.24840021       0.00000000     088
   8.71380043       0.00000000     107
   7.75029993       0.00000000     110
   7.79500008       0.00000000     132
   8.57159996       0.00000000     135
   7.97139978       0.00000000     144
   7.84159994       0.00000000     226
   8.96210003       0.00000000     307
   8.57320023       0.00000000     309
   7.84170008       0.00000000     317
   6.74450016       116.000000     007
   9.48460007       112.000000     038
   6.12260008       93.0000000     088
   9.99530029       96.0000000     107
   8.02369976       107.000000     110
   10.2823000       129.000000     132
   7.28980017       112.000000     135
   7.48210001       126.000000     144
   7.01580000       122.000000     226
   7.65000010       96.0000000     307
   7.72060013       130.000000     309
   7.85710001       134.000000     317
   6.74450016       109.000000     007
   9.48460007       109.000000     038
   6.12260008       102.000000     088
   9.99530029       94.0000000     107
   8.02369976       123.000000     110
   10.2823000       125.000000     132
   7.28980017       123.000000     135
   7.48210001       101.000000     144
   7.01580000       118.000000     226
   7.65000010       100.000000     307
   7.72060013       115.000000     309
   7.85710001       115.000000     317
   6.74450016       115.000000     007
   9.48460007       112.000000     038
   6.12260008       97.0000000     088
   9.99530029       94.0000000     107
   8.02369976       117.000000     110
   10.2823000       131.000000     132
   7.28980017       120.000000     135
   7.48210001       117.000000     144
   7.01580000       123.000000     226
   7.65000010       98.0000000     307
   7.72060013       126.000000     309
   7.85710001       129.000000     317
   6.74450016       108.000000     007
   9.48460007       113.000000     038
   6.12260008       96.0000000     088
   9.99530029       96.0000000     107
   8.02369976       121.000000     110
   10.2823000       120.000000     132
   7.28980017       117.000000     135
   7.48210001       117.000000     144
   7.01580000       123.000000     226
   7.65000010       96.0000000     307
   7.72060013       125.000000     309
   7.85710001       125.000000     317
   6.74450016       50.0000000     007
   9.48460007       54.0000000     038
   6.12260008       55.0000000     088
   9.99530029       63.0000000     107
   8.02369976       60.0000000     110
   10.2823000       62.0000000     132
   7.28980017       63.0000000     135
   7.48210001       47.0000000     144
   7.01580000       55.0000000     226
   7.65000010       44.0000000     307
   7.72060013       60.0000000     309
   7.85710001       72.0000000     317
   6.74450016       44.0000000     007
   9.48460007       59.0000000     038
   6.12260008       32.0000000     088
   9.99530029       55.0000000     107
   8.02369976       55.0000000     110
   10.2823000       58.0000000     132
   7.28980017       55.0000000     135
   7.48210001       38.0000000     144
   7.01580000       52.0000000     226
   7.65000010       41.0000000     307
   7.72060013       52.0000000     309
   7.85710001       66.0000000     317
   6.74450016       42.0000000     007
   9.48460007       56.0000000     038
   6.12260008       48.0000000     088
   9.99530029       62.0000000     107
   8.02369976       58.0000000     110
   10.2823000       60.0000000     132
   7.28980017       63.0000000     135
   7.48210001       46.0000000     144
   7.01580000       60.0000000     226
   7.65000010       42.0000000     307
   7.72060013       63.0000000     309
   7.85710001       63.0000000     317
   6.74450016       44.0000000     007
   9.48460007       58.0000000     038
   6.12260008       62.0000000     088
   9.99530029       63.0000000     107
   8.02369976       59.0000000     110
   10.2823000       67.0000000     132
   7.28980017       55.0000000     135
   7.48210001       47.0000000     144
   7.01580000       50.0000000     226
   7.65000010       40.0000000     307
   7.72060013       59.0000000     309
   7.85710001       74.0000000     317
   6.74450016       64.0000000     007
   9.48460007       61.0000000     038
   6.12260008       66.0000000     088
   9.99530029       66.0000000     107
   8.02369976       57.0000000     110
   10.2823000       56.0000000     132
   7.28980017       71.0000000     135
   7.48210001       52.0000000     144
   7.01580000       56.0000000     226
   7.65000010       54.0000000     307
   7.72060013       59.0000000     309
   7.85710001       59.0000000     317
   6.74450016       58.0000000     007
   9.48460007       53.0000000     038
   6.12260008       53.0000000     088
   9.99530029       58.0000000     107
   8.02369976       67.0000000     110
   10.2823000       60.0000000     132
   7.28980017       68.0000000     135
   7.48210001       50.0000000     144
   7.01580000       60.0000000     226
   7.65000010       45.0000000     307
   7.72060013       60.0000000     309
   7.85710001       87.0000000     317
   6.74450016       48.0000000     007
   9.48460007       55.0000000     038
   6.12260008       56.0000000     088
   9.99530029       63.0000000     107
   8.02369976       59.0000000     110
   10.2823000       62.0000000     132
   7.28980017       62.0000000     135
   7.48210001       46.0000000     144
   7.01580000       54.0000000     226
   7.65000010       43.0000000     307
   7.72060013       60.0000000     309
   7.85710001       68.0000000     317
   6.74450016       0.00000000     007
   9.48460007       0.00000000     038
   6.12260008       0.00000000     088
   9.99530029       0.00000000     107
   8.02369976       0.00000000     110
   10.2823000       0.00000000     132
   7.28980017       0.00000000     135
   7.48210001       0.00000000     144
   7.01580000       0.00000000     226
   7.65000010       0.00000000     307
   7.72060013       0.00000000     309
   7.85710001       0.00000000     317
   6.74450016       0.00000000     007
   9.48460007       0.00000000     038
   6.12260008       0.00000000     088
   9.99530029       0.00000000     107
   8.02369976       0.00000000     110
   10.2823000       0.00000000     132
   7.28980017       0.00000000     135
   7.48210001       0.00000000     144
   7.01580000       0.00000000     226
   7.65000010       0.00000000     307
   7.72060013       0.00000000     309
   7.85710001       0.00000000     317
   6.74450016       0.00000000     007
   9.48460007       0.00000000     038
   6.12260008       0.00000000     088
   9.99530029       0.00000000     107
   8.02369976       0.00000000     110
   10.2823000       0.00000000     132
   7.28980017       0.00000000     135
   7.48210001       0.00000000     144
   7.01580000       0.00000000     226
   7.65000010       0.00000000     307
   7.72060013       0.00000000     309
   7.85710001       0.00000000     317
  0.980099976       116.000000     007
  0.769800007       112.000000     038
   1.08099997       93.0000000     088
   1.13600004       96.0000000     107
  0.642799973       107.000000     110
  0.686999977       129.000000     132
  0.954400003       112.000000     135
  0.591400027       126.000000     144
  0.659600019       122.000000     226
  0.927800000       96.0000000     307
   1.02069998       130.000000     309
   1.03170002       134.000000     317
  0.980099976       109.000000     007
  0.769800007       109.000000     038
   1.08099997       102.000000     088
   1.13600004       94.0000000     107
  0.642799973       123.000000     110
  0.686999977       125.000000     132
  0.954400003       123.000000     135
  0.591400027       101.000000     144
  0.659600019       118.000000     226
  0.927800000       100.000000     307
   1.02069998       115.000000     309
   1.03170002       115.000000     317
  0.980099976       115.000000     007
  0.769800007       112.000000     038
   1.08099997       97.0000000     088
   1.13600004       94.0000000     107
  0.642799973       117.000000     110
  0.686999977       131.000000     132
  0.954400003       120.000000     135
  0.591400027       117.000000     144
  0.659600019       123.000000     226
  0.927800000       98.0000000     307
   1.02069998       126.000000     309
   1.03170002       129.000000     317
  0.980099976       108.000000     007
  0.769800007       113.000000     038
   1.08099997       96.0000000     088
   1.13600004       96.0000000     107
  0.642799973       121.000000     110
  0.686999977       120.000000     132
  0.954400003       117.000000     135
  0.591400027       117.000000     144
  0.659600019       123.000000     226
  0.927800000       96.0000000     307
   1.02069998       125.000000     309
   1.03170002       125.000000     317
  0.980099976       50.0000000     007
  0.769800007       54.0000000     038
   1.08099997       55.0000000     088
   1.13600004       63.0000000     107
  0.642799973       60.0000000     110
  0.686999977       62.0000000     132
  0.954400003       63.0000000     135
  0.591400027       47.0000000     144
  0.659600019       55.0000000     226
  0.927800000       44.0000000     307
   1.02069998       60.0000000     309
   1.03170002       72.0000000     317
  0.980099976       44.0000000     007
  0.769800007       59.0000000     038
   1.08099997       32.0000000     088
   1.13600004       55.0000000     107
  0.642799973       55.0000000     110
  0.686999977       58.0000000     132
  0.954400003       55.0000000     135
  0.591400027       38.0000000     144
  0.659600019       52.0000000     226
  0.927800000       41.0000000     307
   1.02069998       52.0000000     309
   1.03170002       66.0000000     317
  0.980099976       42.0000000     007
  0.769800007       56.0000000     038
   1.08099997       48.0000000     088
   1.13600004       62.0000000     107
  0.642799973       58.0000000     110
  0.686999977       60.0000000     132
  0.954400003       63.0000000     135
  0.591400027       46.0000000     144
  0.659600019       60.0000000     226
  0.927800000       42.0000000     307
   1.02069998       63.0000000     309
   1.03170002       63.0000000     317
  0.980099976       44.0000000     007
  0.769800007       58.0000000     038
   1.08099997       62.0000000     088
   1.13600004       63.0000000     107
  0.642799973       59.0000000     110
  0.686999977       67.0000000     132
  0.954400003       55.0000000     135
  0.591400027       47.0000000     144
  0.659600019       50.0000000     226
  0.927800000       40.0000000     307
   1.02069998       59.0000000     309
   1.03170002       74.0000000     317
  0.980099976       64.0000000     007
  0.769800007       61.0000000     038
   1.08099997       66.0000000     088
   1.13600004       66.0000000     107
  0.642799973       57.0000000     110
  0.686999977       56.0000000     132
  0.954400003       71.0000000     135
  0.591400027       52.0000000     144
  0.659600019       56.0000000     226
  0.927800000       54.0000000     307
   1.02069998       59.0000000     309
   1.03170002       59.0000000     317
  0.980099976       58.0000000     007
  0.769800007       53.0000000     038
   1.08099997       53.0000000     088
   1.13600004       58.0000000     107
  0.642799973       67.0000000     110
  0.686999977       60.0000000     132
  0.954400003       68.0000000     135
  0.591400027       50.0000000     144
  0.659600019       60.0000000     226
  0.927800000       45.0000000     307
   1.02069998       60.0000000     309
   1.03170002       87.0000000     317
  0.980099976       48.0000000     007
  0.769800007       55.0000000     038
   1.08099997       56.0000000     088
   1.13600004       63.0000000     107
  0.642799973       59.0000000     110
  0.686999977       62.0000000     132
  0.954400003       62.0000000     135
  0.591400027       46.0000000     144
  0.659600019       54.0000000     226
  0.927800000       43.0000000     307
   1.02069998       60.0000000     309
   1.03170002       68.0000000     317
  0.980099976       0.00000000     007
  0.769800007       0.00000000     038
   1.08099997       0.00000000     088
   1.13600004       0.00000000     107
  0.642799973       0.00000000     110
  0.686999977       0.00000000     132
  0.954400003       0.00000000     135
  0.591400027       0.00000000     144
  0.659600019       0.00000000     226
  0.927800000       0.00000000     307
   1.02069998       0.00000000     309
   1.03170002       0.00000000     317
  0.980099976       0.00000000     007
  0.769800007       0.00000000     038
   1.08099997       0.00000000     088
   1.13600004       0.00000000     107
  0.642799973       0.00000000     110
  0.686999977       0.00000000     132
  0.954400003       0.00000000     135
  0.591400027       0.00000000     144
  0.659600019       0.00000000     226
  0.927800000       0.00000000     307
   1.02069998       0.00000000     309
   1.03170002       0.00000000     317
  0.980099976       0.00000000     007
  0.769800007       0.00000000     038
   1.08099997       0.00000000     088
   1.13600004       0.00000000     107
  0.642799973       0.00000000     110
  0.686999977       0.00000000     132
  0.954400003       0.00000000     135
  0.591400027       0.00000000     144
  0.659600019       0.00000000     226
  0.927800000       0.00000000     307
   1.02069998       0.00000000     309
   1.03170002       0.00000000     317
   7.56510019       116.000000     007
   6.37010002       112.000000     038
   6.71689987       93.0000000     088
   6.81799984       96.0000000     107
   7.34009981       107.000000     110
   8.02200031       129.000000     132
   7.66809988       112.000000     135
   7.22009993       126.000000     144
   7.17640018       122.000000     226
   7.44659996       96.0000000     307
   8.28149986       130.000000     309
   7.47310019       134.000000     317
   7.56510019       109.000000     007
   6.37010002       109.000000     038
   6.71689987       102.000000     088
   6.81799984       94.0000000     107
   7.34009981       123.000000     110
   8.02200031       125.000000     132
   7.66809988       123.000000     135
   7.22009993       101.000000     144
   7.17640018       118.000000     226
   7.44659996       100.000000     307
   8.28149986       115.000000     309
   7.47310019       115.000000     317
   7.56510019       115.000000     007
   6.37010002       112.000000     038
   6.71689987       97.0000000     088
   6.81799984       94.0000000     107
   7.34009981       117.000000     110
   8.02200031       131.000000     132
   7.66809988       120.000000     135
   7.22009993       117.000000     144
   7.17640018       123.000000     226
   7.44659996       98.0000000     307
   8.28149986       126.000000     309
   7.47310019       129.000000     317
   7.56510019       108.000000     007
   6.37010002       113.000000     038
   6.71689987       96.0000000     088
   6.81799984       96.0000000     107
   7.34009981       121.000000     110
   8.02200031       120.000000     132
   7.66809988       117.000000     135
   7.22009993       117.000000     144
   7.17640018       123.000000     226
   7.44659996       96.0000000     307
   8.28149986       125.000000     309
   7.47310019       125.000000     317
   7.56510019       50.0000000     007
   6.37010002       54.0000000     038
   6.71689987       55.0000000     088
   6.81799984       63.0000000     107
   7.34009981       60.0000000     110
   8.02200031       62.0000000     132
   7.66809988       63.0000000     135
   7.22009993       47.0000000     144
   7.17640018       55.0000000     226
   7.44659996       44.0000000     307
   8.28149986       60.0000000     309
   7.47310019       72.0000000     317
   7.56510019       44.0000000     007
   6.37010002       59.0000000     038
   6.71689987       32.0000000     088
   6.81799984       55.0000000     107
   7.34009981       55.0000000     110
   8.02200031       58.0000000     132
   7.66809988       55.0000000     135
   7.22009993       38.0000000     144
   7.17640018       52.0000000     226
   7.44659996       41.0000000     307
   8.28149986       52.0000000     309
   7.47310019       66.0000000     317
   7.56510019       42.0000000     007
   6.37010002       56.0000000     038
   6.71689987       48.0000000     088
   6.81799984       62.0000000     107
   7.34009981       58.0000000     110
   8.02200031       60.0000000     132
   7.66809988       63.0000000     135
   7.22009993       46.0000000     144
   7.17640018       60.0000000     226
   7.44659996       42.0000000     307
   8.28149986       63.0000000     309
   7.47310019       63.0000000     317
   7.56510019       44.0000000     007
   6.37010002       58.0000000     038
   6.71689987       62.0000000     088
   6.81799984       63.0000000     107
   7.34009981       59.0000000     110
   8.02200031       67.0000000     132
   7.66809988       55.0000000     135
   7.22009993       47.0000000     144
   7.17640018       50.0000000     226
   7.44659996       40.0000000     307
   8.28149986       59.0000000     309
   7.47310019       74.0000000     317
   7.56510019       64.0000000     007
   6.37010002       61.0000000     038
   6.71689987       66.0000000     088
   6.81799984       66.0000000     107
   7.34009981       57.0000000     110
   8.02200031       56.0000000     132
   7.66809988       71.0000000     135
   7.22009993       52.0000000     144
   7.17640018       56.0000000     226
   7.44659996       54.0000000     307
   8.28149986       59.0000000     309
   7.47310019       59.0000000     317
   7.56510019       58.0000000     007
   6.37010002       53.0000000     038
   6.71689987       53.0000000     088
   6.81799984       58.0000000     107
   7.34009981       67.0000000     110
   8.02200031       60.0000000     132
   7.66809988       68.0000000     135
   7.22009993       50.0000000     144
   7.17640018       60.0000000     226
   7.44659996       45.0000000     307
   8.28149986       60.0000000     309
   7.47310019       87.0000000     317
   7.56510019       48.0000000     007
   6.37010002       55.0000000     038
   6.71689987       56.0000000     088
   6.81799984       63.0000000     107
   7.34009981       59.0000000     110
   8.02200031       62.0000000     132
   7.66809988       62.0000000     135
   7.22009993       46.0000000     144
   7.17640018       54.0000000     226
   7.44659996       43.0000000     307
   8.28149986       60.0000000     309
   7.47310019       68.0000000     317
   7.56510019       0.00000000     007
   6.37010002       0.00000000     038
   6.71689987       0.00000000     088
   6.81799984       0.00000000     107
   7.34009981       0.00000000     110
   8.02200031       0.00000000     132
   7.66809988       0.00000000     135
   7.22009993       0.00000000     144
   7.17640018       0.00000000     226
   7.44659996       0.00000000     307
   8.28149986       0.00000000     309
   7.47310019       0.00000000     317
   7.56510019       0.00000000     007
   6.37010002       0.00000000     038
   6.71689987       0.00000000     088
   6.81799984       0.00000000     107
   7.34009981       0.00000000     110
   8.02200031       0.00000000     132
   7.66809988       0.00000000     135
   7.22009993       0.00000000     144
   7.17640018       0.00000000     226
   7.44659996       0.00000000     307
   8.28149986       0.00000000     309
   7.47310019       0.00000000     317
   7.56510019       0.00000000     007
   6.37010002       0.00000000     038
   6.71689987       0.00000000     088
   6.81799984       0.00000000     107
   7.34009981       0.00000000     110
   8.02200031       0.00000000     132
   7.66809988       0.00000000     135
   7.22009993       0.00000000     144
   7.17640018       0.00000000     226
   7.44659996       0.00000000     307
   8.28149986       0.00000000     309
   7.47310019       0.00000000     317
   1.84070003       116.000000     007
   1.49450004       112.000000     038
   1.57099998       93.0000000     088
   1.71120000       96.0000000     107
   1.58969998       107.000000     110
   1.92289996       129.000000     132
   1.81770003       112.000000     135
   1.42069995       126.000000     144
   1.71529996       122.000000     226
   1.63999999       96.0000000     307
   1.68040001       130.000000     309
   2.04640007       134.000000     317
   1.84070003       109.000000     007
   1.49450004       109.000000     038
   1.57099998       102.000000     088
   1.71120000       94.0000000     107
   1.58969998       123.000000     110
   1.92289996       125.000000     132
   1.81770003       123.000000     135
   1.42069995       101.000000     144
   1.71529996       118.000000     226
   1.63999999       100.000000     307
   1.68040001       115.000000     309
   2.04640007       115.000000     317
   1.84070003       115.000000     007
   1.49450004       112.000000     038
   1.57099998       97.0000000     088
   1.71120000       94.0000000     107
   1.58969998       117.000000     110
   1.92289996       131.000000     132
   1.81770003       120.000000     135
   1.42069995       117.000000     144
   1.71529996       123.000000     226
   1.63999999       98.0000000     307
   1.68040001       126.000000     309
   2.04640007       129.000000     317
   1.84070003       108.000000     007
   1.49450004       113.000000     038
   1.57099998       96.0000000     088
   1.71120000       96.0000000     107
   1.58969998       121.000000     110
   1.92289996       120.000000     132
   1.81770003       117.000000     135
   1.42069995       117.000000     144
   1.71529996       123.000000     226
   1.63999999       96.0000000     307
   1.68040001       125.000000     309
   2.04640007       125.000000     317
   1.84070003       50.0000000     007
   1.49450004       54.0000000     038
   1.57099998       55.0000000     088
   1.71120000       63.0000000     107
   1.58969998       60.0000000     110
   1.92289996       62.0000000     132
   1.81770003       63.0000000     135
   1.42069995       47.0000000     144
   1.71529996       55.0000000     226
   1.63999999       44.0000000     307
   1.68040001       60.0000000     309
   2.04640007       72.0000000     317
   1.84070003       44.0000000     007
   1.49450004       59.0000000     038
   1.57099998       32.0000000     088
   1.71120000       55.0000000     107
   1.58969998       55.0000000     110
   1.92289996       58.0000000     132
   1.81770003       55.0000000     135
   1.42069995       38.0000000     144
   1.71529996       52.0000000     226
   1.63999999       41.0000000     307
   1.68040001       52.0000000     309
   2.04640007       66.0000000     317
   1.84070003       42.0000000     007
   1.49450004       56.0000000     038
   1.57099998       48.0000000     088
   1.71120000       62.0000000     107
   1.58969998       58.0000000     110
   1.92289996       60.0000000     132
   1.81770003       63.0000000     135
   1.42069995       46.0000000     144
   1.71529996       60.0000000     226
   1.63999999       42.0000000     307
   1.68040001       63.0000000     309
   2.04640007       63.0000000     317
   1.84070003       44.0000000     007
   1.49450004       58.0000000     038
   1.57099998       62.0000000     088
   1.71120000       63.0000000     107
   1.58969998       59.0000000     110
   1.92289996       67.0000000     132
   1.81770003       55.0000000     135
   1.42069995       47.0000000     144
   1.71529996       50.0000000     226
   1.63999999       40.0000000     307
   1.68040001       59.0000000     309
   2.04640007       74.0000000     317
   1.84070003       64.0000000     007
   1.49450004       61.0000000     038
   1.57099998       66.0000000     088
   1.71120000       66.0000000     107
   1.58969998       57.0000000     110
   1.92289996       56.0000000     132
   1.81770003       71.0000000     135
   1.42069995       52.0000000     144
   1.71529996       56.0000000     226
   1.63999999       54.0000000     307
   1.68040001       59.0000000     309
   2.04640007       59.0000000     317
   1.84070003       58.0000000     007
   1.49450004       53.0000000     038
   1.57099998       53.0000000     088
   1.71120000       58.0000000     107
   1.58969998       67.0000000     110
   1.92289996       60.0000000     132
   1.81770003       68.0000000     135
   1.42069995       50.0000000     144
   1.71529996       60.0000000     226
   1.63999999       45.0000000     307
   1.68040001       60.0000000     309
   2.04640007       87.0000000     317
   1.84070003       48.0000000     007
   1.49450004       55.0000000     038
   1.57099998       56.0000000     088
   1.71120000       63.0000000     107
   1.58969998       59.0000000     110
   1.92289996       62.0000000     132
   1.81770003       62.0000000     135
   1.42069995       46.0000000     144
   1.71529996       54.0000000     226
   1.63999999       43.0000000     307
   1.68040001       60.0000000     309
   2.04640007       68.0000000     317
   1.84070003       0.00000000     007
   1.49450004       0.00000000     038
   1.57099998       0.00000000     088
   1.71120000       0.00000000     107
   1.58969998       0.00000000     110
   1.92289996       0.00000000     132
   1.81770003       0.00000000     135
   1.42069995       0.00000000     144
   1.71529996       0.00000000     226
   1.63999999       0.00000000     307
   1.68040001       0.00000000     309
   2.04640007       0.00000000     317
   1.84070003       0.00000000     007
   1.49450004       0.00000000     038
   1.57099998       0.00000000     088
   1.71120000       0.00000000     107
   1.58969998       0.00000000     110
   1.92289996       0.00000000     132
   1.81770003       0.00000000     135
   1.42069995       0.00000000     144
   1.71529996       0.00000000     226
   1.63999999       0.00000000     307
   1.68040001       0.00000000     309
   2.04640007       0.00000000     317
   1.84070003       0.00000000     007
   1.49450004       0.00000000     038
   1.57099998       0.00000000     088
   1.71120000       0.00000000     107
   1.58969998       0.00000000     110
   1.92289996       0.00000000     132
   1.81770003       0.00000000     135
   1.42069995       0.00000000     144
   1.71529996       0.00000000     226
   1.63999999       0.00000000     307
   1.68040001       0.00000000     309
   2.04640007       0.00000000     317
   6.30299997       116.000000     007
   6.07760000       112.000000     038
   6.37979984       93.0000000     088
   6.45499992       96.0000000     107
   6.85249996       107.000000     110
   6.60109997       129.000000     132
   6.89799976       112.000000     135
   6.21089983       126.000000     144
   6.33020020       122.000000     226
   6.19460011       96.0000000     307
   6.24539995       130.000000     309
   6.64179993       134.000000     317
   6.30299997       109.000000     007
   6.07760000       109.000000     038
   6.37979984       102.000000     088
   6.45499992       94.0000000     107
   6.85249996       123.000000     110
   6.60109997       125.000000     132
   6.89799976       123.000000     135
   6.21089983       101.000000     144
   6.33020020       118.000000     226
   6.19460011       100.000000     307
   6.24539995       115.000000     309
   6.64179993       115.000000     317
   6.30299997       115.000000     007
   6.07760000       112.000000     038
   6.37979984       97.0000000     088
   6.45499992       94.0000000     107
   6.85249996       117.000000     110
   6.60109997       131.000000     132
   6.89799976       120.000000     135
   6.21089983       117.000000     144
   6.33020020       123.000000     226
   6.19460011       98.0000000     307
   6.24539995       126.000000     309
   6.64179993       129.000000     317
   6.30299997       108.000000     007
   6.07760000       113.000000     038
   6.37979984       96.0000000     088
   6.45499992       96.0000000     107
   6.85249996       121.000000     110
   6.60109997       120.000000     132
   6.89799976       117.000000     135
   6.21089983       117.000000     144
   6.33020020       123.000000     226
   6.19460011       96.0000000     307
   6.24539995       125.000000     309
   6.64179993       125.000000     317
   6.30299997       50.0000000     007
   6.07760000       54.0000000     038
   6.37979984       55.0000000     088
   6.45499992       63.0000000     107
   6.85249996       60.0000000     110
   6.60109997       62.0000000     132
   6.89799976       63.0000000     135
   6.21089983       47.0000000     144
   6.33020020       55.0000000     226
   6.19460011       44.0000000     307
   6.24539995       60.0000000     309
   6.64179993       72.0000000     317
   6.30299997       44.0000000     007
   6.07760000       59.0000000     038
   6.37979984       32.0000000     088
   6.45499992       55.0000000     107
   6.85249996       55.0000000     110
   6.60109997       58.0000000     132
   6.89799976       55.0000000     135
   6.21089983       38.0000000     144
   6.33020020       52.0000000     226
   6.19460011       41.0000000     307
   6.24539995       52.0000000     309
   6.64179993       66.0000000     317
   6.30299997       42.0000000     007
   6.07760000       56.0000000     038
   6.37979984       48.0000000     088
   6.45499992       62.0000000     107
   6.85249996       58.0000000     110
   6.60109997       60.0000000     132
   6.89799976       63.0000000     135
   6.21089983       46.0000000     144
   6.33020020       60.0000000     226
   6.19460011       42.0000000     307
   6.24539995       63.0000000     309
   6.64179993       63.0000000     317
   6.30299997       44.0000000     007
   6.07760000       58.0000000     038
   6.37979984       62.0000000     088
   6.45499992       63.0000000     107
   6.85249996       59.0000000     110
   6.60109997       67.0000000     132
   6.89799976       55.0000000     135
   6.21089983       47.0000000     144
   6.33020020       50.0000000     226
   6.19460011       40.0000000     307
   6.24539995       59.0000000     309
   6.64179993       74.0000000     317
   6.30299997       64.0000000     007
   6.07760000       61.0000000     038
   6.37979984       66.0000000     088
   6.45499992       66.0000000     107
   6.85249996       57.0000000     110
   6.60109997       56.0000000     132
   6.89799976       71.0000000     135
   6.21089983       52.0000000     144
   6.33020020       56.0000000     226
   6.19460011       54.0000000     307
   6.24539995       59.0000000     309
   6.64179993       59.0000000     317
   6.30299997       58.0000000     007
   6.07760000       53.0000000     038
   6.37979984       53.0000000     088
   6.45499992       58.0000000     107
   6.85249996       67.0000000     110
   6.60109997       60.0000000     132
   6.89799976       68.0000000     135
   6.21089983       50.0000000     144
   6.33020020       60.0000000     226
   6.19460011       45.0000000     307
   6.24539995       60.0000000     309
   6.64179993       87.0000000     317
   6.30299997       48.0000000     007
   6.07760000       55.0000000     038
   6.37979984       56.0000000     088
   6.45499992       63.0000000     107
   6.85249996       59.0000000     110
   6.60109997       62.0000000     132
   6.89799976       62.0000000     135
   6.21089983       46.0000000     144
   6.33020020       54.0000000     226
   6.19460011       43.0000000     307
   6.24539995       60.0000000     309
   6.64179993       68.0000000     317
   6.30299997       0.00000000     007
   6.07760000       0.00000000     038
   6.37979984       0.00000000     088
   6.45499992       0.00000000     107
   6.85249996       0.00000000     110
   6.60109997       0.00000000     132
   6.89799976       0.00000000     135
   6.21089983       0.00000000     144
   6.33020020       0.00000000     226
   6.19460011       0.00000000     307
   6.24539995       0.00000000     309
   6.64179993       0.00000000     317
   6.30299997       0.00000000     007
   6.07760000       0.00000000     038
   6.37979984       0.00000000     088
   6.45499992       0.00000000     107
   6.85249996       0.00000000     110
   6.60109997       0.00000000     132
   6.89799976       0.00000000     135
   6.21089983       0.00000000     144
   6.33020020       0.00000000     226
   6.19460011       0.00000000     307
   6.24539995       0.00000000     309
   6.64179993       0.00000000     317
   6.30299997       0.00000000     007
   6.07760000       0.00000000     038
   6.37979984       0.00000000     088
   6.45499992       0.00000000     107
   6.85249996       0.00000000     110
   6.60109997       0.00000000     132
   6.89799976       0.00000000     135
   6.21089983       0.00000000     144
   6.33020020       0.00000000     226
   6.19460011       0.00000000     307
   6.24539995       0.00000000     309
   6.64179993       0.00000000     317
   3.35640001       116.000000     007
   3.75570011       112.000000     038
   3.65089989       93.0000000     088
   4.42710018       96.0000000     107
   4.47849989       107.000000     110
   3.61080003       129.000000     132
   4.12489986       112.000000     135
   4.49249983       126.000000     144
   4.49249983       122.000000     226
   3.28509998       96.0000000     307
   3.88560009       130.000000     309
   4.28789997       134.000000     317
   3.35640001       109.000000     007
   3.75570011       109.000000     038
   3.65089989       102.000000     088
   4.42710018       94.0000000     107
   4.47849989       123.000000     110
   3.61080003       125.000000     132
   4.12489986       123.000000     135
   4.49249983       101.000000     144
   4.49249983       118.000000     226
   3.28509998       100.000000     307
   3.88560009       115.000000     309
   4.28789997       115.000000     317
   3.35640001       115.000000     007
   3.75570011       112.000000     038
   3.65089989       97.0000000     088
   4.42710018       94.0000000     107
   4.47849989       117.000000     110
   3.61080003       131.000000     132
   4.12489986       120.000000     135
   4.49249983       117.000000     144
   4.49249983       123.000000     226
   3.28509998       98.0000000     307
   3.88560009       126.000000     309
   4.28789997       129.000000     317
   3.35640001       108.000000     007
   3.75570011       113.000000     038
   3.65089989       96.0000000     088
   4.42710018       96.0000000     107
   4.47849989       121.000000     110
   3.61080003       120.000000     132
   4.12489986       117.000000     135
   4.49249983       117.000000     144
   4.49249983       123.000000     226
   3.28509998       96.0000000     307
   3.88560009       125.000000     309
   4.28789997       125.000000     317
   3.35640001       50.0000000     007
   3.75570011       54.0000000     038
   3.65089989       55.0000000     088
   4.42710018       63.0000000     107
   4.47849989       60.0000000     110
   3.61080003       62.0000000     132
   4.12489986       63.0000000     135
   4.49249983       47.0000000     144
   4.49249983       55.0000000     226
   3.28509998       44.0000000     307
   3.88560009       60.0000000     309
   4.28789997       72.0000000     317
   3.35640001       44.0000000     007
   3.75570011       59.0000000     038
   3.65089989       32.0000000     088
   4.42710018       55.0000000     107
   4.47849989       55.0000000     110
   3.61080003       58.0000000     132
   4.12489986       55.0000000     135
   4.49249983       38.0000000     144
   4.49249983       52.0000000     226
   3.28509998       41.0000000     307
   3.88560009       52.0000000     309
   4.28789997       66.0000000     317
   3.35640001       42.0000000     007
   3.75570011       56.0000000     038
   3.65089989       48.0000000     088
   4.42710018       62.0000000     107
   4.47849989       58.0000000     110
   3.61080003       60.0000000     132
   4.12489986       63.0000000     135
   4.49249983       46.0000000     144
   4.49249983       60.0000000     226
   3.28509998       42.0000000     307
   3.88560009       63.0000000     309
   4.28789997       63.0000000     317
   3.35640001       44.0000000     007
   3.75570011       58.0000000     038
   3.65089989       62.0000000     088
   4.42710018       63.0000000     107
   4.47849989       59.0000000     110
   3.61080003       67.0000000     132
   4.12489986       55.0000000     135
   4.49249983       47.0000000     144
   4.49249983       50.0000000     226
   3.28509998       40.0000000     307
   3.88560009       59.0000000     309
   4.28789997       74.0000000     317
   3.35640001       64.0000000     007
   3.75570011       61.0000000     038
   3.65089989       66.0000000     088
   4.42710018       66.0000000     107
   4.47849989       57.0000000     110
   3.61080003       56.0000000     132
   4.12489986       71.0000000     135
   4.49249983       52.0000000     144
   4.49249983       56.0000000     226
   3.28509998       54.0000000     307
   3.88560009       59.0000000     309
   4.28789997       59.0000000     317
   3.35640001       58.0000000     007
   3.75570011       53.0000000     038
   3.65089989       53.0000000     088
   4.42710018       58.0000000     107
   4.47849989       67.0000000     110
   3.61080003       60.0000000     132
   4.12489986       68.0000000     135
   4.49249983       50.0000000     144
   4.49249983       60.0000000     226
   3.28509998       45.0000000     307
   3.88560009       60.0000000     309
   4.28789997       87.0000000     317
   3.35640001       48.0000000     007
   3.75570011       55.0000000     038
   3.65089989       56.0000000     088
   4.42710018       63.0000000     107
   4.47849989       59.0000000     110
   3.61080003       62.0000000     132
   4.12489986       62.0000000     135
   4.49249983       46.0000000     144
   4.49249983       54.0000000     226
   3.28509998       43.0000000     307
   3.88560009       60.0000000     309
   4.28789997       68.0000000     317
   3.35640001       0.00000000     007
   3.75570011       0.00000000     038
   3.65089989       0.00000000     088
   4.42710018       0.00000000     107
   4.47849989       0.00000000     110
   3.61080003       0.00000000     132
   4.12489986       0.00000000     135
   4.49249983       0.00000000     144
   4.49249983       0.00000000     226
   3.28509998       0.00000000     307
   3.88560009       0.00000000     309
   4.28789997       0.00000000     317
   3.35640001       0.00000000     007
   3.75570011       0.00000000     038
   3.65089989       0.00000000     088
   4.42710018       0.00000000     107
   4.47849989       0.00000000     110
   3.61080003       0.00000000     132
   4.12489986       0.00000000     135
   4.49249983       0.00000000     144
   4.49249983       0.00000000     226
   3.28509998       0.00000000     307
   3.88560009       0.00000000     309
   4.28789997       0.00000000     317
   3.35640001       0.00000000     007
   3.75570011       0.00000000     038
   3.65089989       0.00000000     088
   4.42710018       0.00000000     107
   4.47849989       0.00000000     110
   3.61080003       0.00000000     132
   4.12489986       0.00000000     135
   4.49249983       0.00000000     144
   4.49249983       0.00000000     226
   3.28509998       0.00000000     307
   3.88560009       0.00000000     309
   4.28789997       0.00000000     317
   8.59029961       116.000000     007
   7.45809984       112.000000     038
   7.60309982       93.0000000     088
   7.93550014       96.0000000     107
   7.21210003       107.000000     110
   9.21100044       129.000000     132
   8.36240005       112.000000     135
   8.14299965       126.000000     144
   9.10639954       122.000000     226
   8.33020020       96.0000000     307
   8.38840008       130.000000     309
   9.95100021       134.000000     317
   8.59029961       109.000000     007
   7.45809984       109.000000     038
   7.60309982       102.000000     088
   7.93550014       94.0000000     107
   7.21210003       123.000000     110
   9.21100044       125.000000     132
   8.36240005       123.000000     135
   8.14299965       101.000000     144
   9.10639954       118.000000     226
   8.33020020       100.000000     307
   8.38840008       115.000000     309
   9.95100021       115.000000     317
   8.59029961       115.000000     007
   7.45809984       112.000000     038
   7.60309982       97.0000000     088
   7.93550014       94.0000000     107
   7.21210003       117.000000     110
   9.21100044       131.000000     132
   8.36240005       120.000000     135
   8.14299965       117.000000     144
   9.10639954       123.000000     226
   8.33020020       98.0000000     307
   8.38840008       126.000000     309
   9.95100021       129.000000     317
   8.59029961       108.000000     007
   7.45809984       113.000000     038
   7.60309982       96.0000000     088
   7.93550014       96.0000000     107
   7.21210003       121.000000     110
   9.21100044       120.000000     132
   8.36240005       117.000000     135
   8.14299965       117.000000     144
   9.10639954       123.000000     226
   8.33020020       96.0000000     307
   8.38840008       125.000000     309
   9.95100021       125.000000     317
   8.59029961       50.0000000     007
   7.45809984       54.0000000     038
   7.60309982       55.0000000     088
   7.93550014       63.0000000     107
   7.21210003       60.0000000     110
   9.21100044       62.0000000     132
   8.36240005       63.0000000     135
   8.14299965       47.0000000     144
   9.10639954       55.0000000     226
   8.33020020       44.0000000     307
   8.38840008       60.0000000     309
   9.95100021       72.0000000     317
   8.59029961       44.0000000     007
   7.45809984       59.0000000     038
   7.60309982       32.0000000     088
   7.93550014       55.0000000     107
   7.21210003       55.0000000     110
   9.21100044       58.0000000     132
   8.36240005       55.0000000     135
   8.14299965       38.0000000     144
   9.10639954       52.0000000     226
   8.33020020       41.0000000     307
   8.38840008       52.0000000     309
   9.95100021       66.0000000     317
   8.59029961       42.0000000     007
   7.45809984       56.0000000     038
   7.60309982       48.0000000     088
   7.93550014       62.0000000     107
   7.21210003       58.0000000     110
   9.21100044       60.0000000     132
   8.36240005       63.0000000     135
   8.14299965       46.0000000     144
   9.10639954       60.0000000     226
   8.33020020       42.0000000     307
   8.38840008       63.0000000     309
   9.95100021       63.0000000     317
   8.59029961       44.0000000     007
   7.45809984       58.0000000     038
   7.60309982       62.0000000     088
   7.93550014       63.0000000     107
   7.21210003       59.0000000     110
   9.21100044       67.0000000     132
   8.36240005       55.0000000     135
   8.14299965       47.0000000     144
   9.10639954       50.0000000     226
   8.33020020       40.0000000     307
   8.38840008       59.0000000     309
   9.95100021       74.0000000     317
   8.59029961       64.0000000     007
   7.45809984       61.0000000     038
   7.60309982       66.0000000     088
   7.93550014       66.0000000     107
   7.21210003       57.0000000     110
   9.21100044       56.0000000     132
   8.36240005       71.0000000     135
   8.14299965       52.0000000     144
   9.10639954       56.0000000     226
   8.33020020       54.0000000     307
   8.38840008       59.0000000     309
   9.95100021       59.0000000     317
   8.59029961       58.0000000     007
   7.45809984       53.0000000     038
   7.60309982       53.0000000     088
   7.93550014       58.0000000     107
   7.21210003       67.0000000     110
   9.21100044       60.0000000     132
   8.36240005       68.0000000     135
   8.14299965       50.0000000     144
   9.10639954       60.0000000     226
   8.33020020       45.0000000     307
   8.38840008       60.0000000     309
   9.95100021       87.0000000     317
   8.59029961       48.0000000     007
   7.45809984       55.0000000     038
   7.60309982       56.0000000     088
   7.93550014       63.0000000     107
   7.21210003       59.0000000     110
   9.21100044       62.0000000     132
   8.36240005       62.0000000     135
   8.14299965       46.0000000     144
   9.10639954       54.0000000     226
   8.33020020       43.0000000     307
   8.38840008       60.0000000     309
   9.95100021       68.0000000     317
   8.59029961       0.00000000     007
   7.45809984       0.00000000     038
   7.60309982       0.00000000     088
   7.93550014       0.00000000     107
   7.21210003       0.00000000     110
   9.21100044       0.00000000     132
   8.36240005       0.00000000     135
   8.14299965       0.00000000     144
   9.10639954       0.00000000     226
   8.33020020       0.00000000     307
   8.38840008       0.00000000     309
   9.95100021       0.00000000     317
   8.59029961       0.00000000     007
   7.45809984       0.00000000     038
   7.60309982       0.00000000     088
   7.93550014       0.00000000     107
   7.21210003       0.00000000     110
   9.21100044       0.00000000     132
   8.36240005       0.00000000     135
   8.14299965       0.00000000     144
   9.10639954       0.00000000     226
   8.33020020       0.00000000     307
   8.38840008       0.00000000     309
   9.95100021       0.00000000     317
   8.59029961       0.00000000     007
   7.45809984       0.00000000     038
   7.60309982       0.00000000     088
   7.93550014       0.00000000     107
   7.21210003       0.00000000     110
   9.21100044       0.00000000     132
   8.36240005       0.00000000     135
   8.14299965       0.00000000     144
   9.10639954       0.00000000     226
   8.33020020       0.00000000     307
   8.38840008       0.00000000     309
   9.95100021       0.00000000     317
   8.76469994       116.000000     007
   9.68799973       112.000000     038
   7.03310013       93.0000000     088
   6.98559999       96.0000000     107
   11.2201996       107.000000     110
   13.4069996       129.000000     132
   8.76179981       112.000000     135
   13.7686996       126.000000     144
   13.8065996       122.000000     226
   8.97900009       96.0000000     307
   8.21850014       130.000000     309
   9.64540005       134.000000     317
   8.76469994       109.000000     007
   9.68799973       109.000000     038
   7.03310013       102.000000     088
   6.98559999       94.0000000     107
   11.2201996       123.000000     110
   13.4069996       125.000000     132
   8.76179981       123.000000     135
   13.7686996       101.000000     144
   13.8065996       118.000000     226
   8.97900009       100.000000     307
   8.21850014       115.000000     309
   9.64540005       115.000000     317
   8.76469994       115.000000     007
   9.68799973       112.000000     038
   7.03310013       97.0000000     088
   6.98559999       94.0000000     107
   11.2201996       117.000000     110
   13.4069996       131.000000     132
   8.76179981       120.000000     135
   13.7686996       117.000000     144
   13.8065996       123.000000     226
   8.97900009       98.0000000     307
   8.21850014       126.000000     309
   9.64540005       129.000000     317
   8.76469994       108.000000     007
   9.68799973       113.000000     038
   7.03310013       96.0000000     088
   6.98559999       96.0000000     107
   11.2201996       121.000000     110
   13.4069996       120.000000     132
   8.76179981       117.000000     135
   13.7686996       117.000000     144
   13.8065996       123.000000     226
   8.97900009       96.0000000     307
   8.21850014       125.000000     309
   9.64540005       125.000000     317
   8.76469994       50.0000000     007
   9.68799973       54.0000000     038
   7.03310013       55.0000000     088
   6.98559999       63.0000000     107
   11.2201996       60.0000000     110
   13.4069996       62.0000000     132
   8.76179981       63.0000000     135
   13.7686996       47.0000000     144
   13.8065996       55.0000000     226
   8.97900009       44.0000000     307
   8.21850014       60.0000000     309
   9.64540005       72.0000000     317
   8.76469994       44.0000000     007
   9.68799973       59.0000000     038
   7.03310013       32.0000000     088
   6.98559999       55.0000000     107
   11.2201996       55.0000000     110
   13.4069996       58.0000000     132
   8.76179981       55.0000000     135
   13.7686996       38.0000000     144
   13.8065996       52.0000000     226
   8.97900009       41.0000000     307
   8.21850014       52.0000000     309
   9.64540005       66.0000000     317
   8.76469994       42.0000000     007
   9.68799973       56.0000000     038
   7.03310013       48.0000000     088
   6.98559999       62.0000000     107
   11.2201996       58.0000000     110
   13.4069996       60.0000000     132
   8.76179981       63.0000000     135
   13.7686996       46.0000000     144
   13.8065996       60.0000000     226
   8.97900009       42.0000000     307
   8.21850014       63.0000000     309
   9.64540005       63.0000000     317
   8.76469994       44.0000000     007
   9.68799973       58.0000000     038
   7.03310013       62.0000000     088
   6.98559999       63.0000000     107
   11.2201996       59.0000000     110
   13.4069996       67.0000000     132
   8.76179981       55.0000000     135
   13.7686996       47.0000000     144
   13.8065996       50.0000000     226
   8.97900009       40.0000000     307
   8.21850014       59.0000000     309
   9.64540005       74.0000000     317
   8.76469994       64.0000000     007
   9.68799973       61.0000000     038
   7.03310013       66.0000000     088
   6.98559999       66.0000000     107
   11.2201996       57.0000000     110
   13.4069996       56.0000000     132
   8.76179981       71.0000000     135
   13.7686996       52.0000000     144
   13.8065996       56.0000000     226
   8.97900009       54.0000000     307
   8.21850014       59.0000000     309
   9.64540005       59.0000000     317
   8.76469994       58.0000000     007
   9.68799973       53.0000000     038
   7.03310013       53.0000000     088
   6.98559999       58.0000000     107
   11.2201996       67.0000000     110
   13.4069996       60.0000000     132
   8.76179981       68.0000000     135
   13.7686996       50.0000000     144
   13.8065996       60.0000000     226
   8.97900009       45.0000000     307
   8.21850014       60.0000000     309
   9.64540005       87.0000000     317
   8.76469994       48.0000000     007
   9.68799973       55.0000000     038
   7.03310013       56.0000000     088
   6.98559999       63.0000000     107
   11.2201996       59.0000000     110
   13.4069996       62.0000000     132
   8.76179981       62.0000000     135
   13.7686996       46.0000000     144
   13.8065996       54.0000000     226
   8.97900009       43.0000000     307
   8.21850014       60.0000000     309
   9.64540005       68.0000000     317
   8.76469994       0.00000000     007
   9.68799973       0.00000000     038
   7.03310013       0.00000000     088
   6.98559999       0.00000000     107
   11.2201996       0.00000000     110
   13.4069996       0.00000000     132
   8.76179981       0.00000000     135
   13.7686996       0.00000000     144
   13.8065996       0.00000000     226
   8.97900009       0.00000000     307
   8.21850014       0.00000000     309
   9.64540005       0.00000000     317
   8.76469994       0.00000000     007
   9.68799973       0.00000000     038
   7.03310013       0.00000000     088
   6.98559999       0.00000000     107
   11.2201996       0.00000000     110
   13.4069996       0.00000000     132
   8.76179981       0.00000000     135
   13.7686996       0.00000000     144
   13.8065996       0.00000000     226
   8.97900009       0.00000000     307
   8.21850014       0.00000000     309
   9.64540005       0.00000000     317
   8.76469994       0.00000000     007
   9.68799973       0.00000000     038
   7.03310013       0.00000000     088
   6.98559999       0.00000000     107
   11.2201996       0.00000000     110
   13.4069996       0.00000000     132
   8.76179981       0.00000000     135
   13.7686996       0.00000000     144
   13.8065996       0.00000000     226
   8.97900009       0.00000000     307
   8.21850014       0.00000000     309
   9.64540005       0.00000000     317
